caacgtg
Max = 13.6254626897
0.1	-11.6197974726
0.01	1.0025170507
0.001	7.31367431235
0.0001	7.31367431235
1e-05	13.624831574
1e-06	13.624831574
1e-07	13.624831574

cacgag
Max = 11.6789680198
0.1	-7.25517996285
0.01	-0.944007674391
0.001	5.36716461407
0.0001	11.6783369025
1e-05	11.6783369025
1e-06	11.6783369025
1e-07	11.6783369025

catgcg
Max = 11.6789680198
0.1	-7.25517996285
0.01	-0.944007674391
0.001	5.36716461407
0.0001	11.6783369025
1e-05	11.6783369025
1e-06	11.6783369025
1e-07	11.6783369025

cacgcg
Max = 11.6789680198
0.1	-7.25517996285
0.01	-0.944007674391
0.001	5.36716461407
0.0001	11.6783369025
1e-05	11.6783369025
1e-06	11.6783369025
1e-07	11.6783369025

catgtg
Max = 11.6789680198
0.1	-7.25517996285
0.01	-0.944007674391
0.001	5.36716461407
0.0001	11.6783369025
1e-05	11.6783369025
1e-06	11.6783369025
1e-07	11.6783369025

cacgtg
Max = 11.6789680198
0.1	-7.25517996285
0.01	-0.944007674391
0.001	5.36716461407
0.0001	11.6783369025
1e-05	11.6783369025
1e-06	11.6783369025
1e-07	11.6783369025

